247,828
266,828
297,838
323,848
352,1090
371,1089
399,1104
426,1125
456,1137
475,1139
502,1140
530,1170
543,1170
574,1161
604,1194
626,1194
655,1199
681,1258
711,2779
732,2779
756,2780
781,2780
806,2781
821,2781
854,2781
876,2782
909,2782
930,2782
966,2819
983,2819
1015,2819
1022,2819
1022,2819
1083,2820
1116,2820
1134,2820
1161,2820
1189,2820
1216,2820
1242,2821
1275,2821
1290,2821
1320,2821
1336,2821
1374,2821
1395,2821
1419,2821
1445,2821
1480,2823
1503,2823
1529,2823
1529,2823
1564,2823
1597,2823
1629,2823
1656,2823
1674,2823
1700,2823
1725,2823
1740,2823
1773,2823
1806,2823
1830,2823
1845,2823
1873,2823
1896,2823
1926,2823
1955,2823
1963,2823
1997,2823
2031,2824
2063,2369
2083,2369
2110,2376
2132,2379
2159,2385
2183,2494
2209,2518
2225,2542
2247,2543
2285,2599
2314,2602
2340,2607
2358,2644
2392,2692
2415,2692
2437,2692
2464,2700
2493,2704
2515,2878
2540,2880
2579,2881
2579,2881
2624,2892
2639,2895
2663,2898
2689,2906
2715,2907
2748,2914
2783,2913
2783,2913
2815,2985
2843,2987
2873,2995
2904,3006
2928,3010
2958,3002
2958,3002
3000,3012
