419,862
445,865
471,867
495,868
520,910
548,912
571,922
597,936
623,1593
648,1593
675,1593
698,1592
723,1592
750,1591
774,1591
800,1591
825,1590
851,2289
876,2289
899,2289
925,2289
953,2289
974,2289
1002,2289
1012,2289
1053,2289
1079,2289
1104,2348
1134,2348
1160,2348
1181,2347
1206,2346
1230,2346
1261,2342
1279,2340
1302,2339
1326,2338
1326,2339
1382,2352
1402,2352
1431,2618
1456,2619
1490,2620
1507,2620
1535,2620
1558,2664
1604,2664
1604,2664
1659,2664
1659,2664
1695,2664
1727,2664
1727,2664
1774,2664
1774,2664
1814,2664
1857,2664
1857,2664
1898,2664
1916,2664
1945,2664
1965,2664
1993,2664
2015,2663
2048,2416
2065,2416
2065,2416
2130,2416
2152,2416
2173,2416
2195,2423
2224,2427
2247,2427
2274,2439
2293,2448
2314,2453
2346,2599
2378,2600
2403,2617
2421,2620
2443,2628
2480,2650
2500,2648
2530,2648
2556,2662
2583,2665
2604,2694
2632,2758
2661,2775
2691,2782
2708,2784
2729,2785
2774,2783
