247,2333
263,2334
294,2335
324,2335
339,2335
372,2348
399,2348
421,2348
449,2802
475,2802
493,2802
525,2802
550,2802
571,2802
601,2802
627,2811
653,2811
678,2810
700,2810
726,2811
752,2811
779,2810
800,2810
829,2811
844,2810
880,2810
909,2810
932,2810
959,2810
980,2810
1006,2810
1035,2810
1045,2810
1081,2802
1106,2802
1131,2802
1157,2802
1173,2802
1204,2807
1232,2807
1256,2807
1285,2807
1305,2812
1335,2812
1361,2812
1382,2812
1414,2812
1435,2812
1459,2812
1486,2812
1509,2812
1532,2812
1549,2814
1584,2814
1615,2814
1633,2814
1664,2814
1686,2814
1713,2814
1736,2814
1761,2814
1789,2548
1816,2548
1841,2548
1880,2548
1880,2548
1926,2548
1926,2548
1976,2548
1976,2548
2024,2548
2058,2548
2058,2548
2083,2548
2108,2549
2146,2549
2166,2550
2194,2550
2217,2788
2244,2792
2261,2792
2294,2784
2322,2787
2344,2789
2370,2791
2389,2798
2422,2828
2445,2830
2473,2831
2496,2834
2519,2834
2545,2834
2569,2835
2587,2835
2629,2835
2651,2835
2676,2835
2703,2864
2722,2864
2748,2864
2774,2864
2801,2859
2825,2872
2852,2928
2883,2928
2912,2934
