249,922
274,924
299,926
328,1416
354,1416
378,1420
407,1420
427,1420
447,1425
483,1701
510,1701
535,2696
560,2696
582,2697
615,2705
638,2706
661,2706
691,2706
704,2707
704,2707
758,2708
793,2708
823,2708
852,2708
867,2708
899,2708
924,2709
951,2709
978,2709
1003,2709
1029,2709
1056,2710
1080,2710
1104,2711
1133,2711
1154,2711
1181,2711
1209,1635
1241,1635
1263,1635
1294,1637
1318,1637
1337,1629
1374,1631
1393,1632
1430,1641
1455,1652
1481,1652
1505,1678
1528,1704
1567,1709
1587,1709
1615,1709
1633,1710
1658,1715
1703,1718
