249,922
274,924
299,926
299,1416
354,1416
365,1416
397,1420
427,1420
447,1425
478,1701
497,1701
522,1701
542,2696
560,2696
615,2705
615,2705
653,2706
691,2706
704,2707
707,2707
758,2707
786,2708
805,2708
836,2708
853,2708
887,2708
909,2709
938,2709
962,2709
984,2709
1013,2709
1040,2709
1065,2710
1090,2710
1117,2711
1139,2711
1168,2711
1192,2713
1216,2714
1237,2714
1271,2715
1283,2715
1317,2716
1338,2716
1364,2716
1391,2719
1416,2719
1448,2724
1480,2724
1495,2724
1508,2724
1533,2726
1573,2727
1594,2728
1617,2728
1652,2728
1673,2729
1697,2714
1712,2714
1757,2714
1775,2715
1802,2717
1827,2718
1854,2720
1877,2723
1906,2724
1929,2725
1942,2728
1992,2725
1992,2725
2040,2725
2040,2725
2101,2725
2101,2725
2101,2725
2174,2725
2174,2725
2174,2725
2245,2725
2245,2725
2319,2725
2319,2725
2319,2725
2379,2725
2379,2725
2427,2725
2427,2725
2488,2725
2488,2725
2532,2725
2532,2725
2555,2726
2594,2726
2612,2726
2639,2757
2677,2758
2709,2765
2738,2765
