249,2305
272,2305
297,2306
326,2306
341,2306
390,2306
392,2306
430,2555
458,2556
510,2556
536,2556
550,2557
589,2557
609,2568
642,2568
666,2568
691,2568
719,2568
746,2559
767,2559
784,2559
820,2559
847,2560
876,2560
899,2560
926,2560
954,2560
978,2560
1004,2560
1028,2542
1058,2542
1074,2542
1088,2574
1121,2575
1151,2572
1196,1923
1225,1924
1257,1927
1284,1927
1325,1906
1358,1906
1388,1908
1415,1923
1424,1943
1435,1943
1460,1948
1495,1958
1510,1960
1548,1961
1570,1964
1602,1984
1624,1984
1652,1985
1681,1997
1701,2011
1725,2012
1745,2012
1775,2012
1795,2012
1826,2013
1851,2013
1873,2019
1893,2026
1928,2028
1944,2036
1976,2044
2008,2060
2021,2068
2055,2076
