249,2305
272,2305
297,2306
326,2306
341,2306
390,2306
392,2306
430,2555
458,2556
510,2556
512,2556
539,1138
566,1137
593,1137
623,1137
645,1137
673,1137
699,1137
727,1491
768,1494
792,1506
813,1507
844,1511
864,1512
905,1516
923,1556
941,1562
963,1565
996,1564
1030,1565
1051,1575
1078,1592
1100,1485
1121,1493
1143,1492
1167,1501
1213,1627
1239,1627
1276,1629
1308,1629
1327,1629
1361,1629
1406,1636
1430,1650
1451,1624
1486,1626
1510,1626
1534,1627
1569,1640
1604,1661
1641,1701
1673,1751
1697,1776
1731,1795
1770,1804
1803,1813
