249,2305
272,2305
297,2306
326,2306
341,2306
390,2306
392,2306
430,2555
458,2556
510,2556
536,2556
550,2557
589,2557
609,2568
642,2568
666,2568
691,2568
719,2568
746,2559
767,2559
784,2559
820,2559
847,2560
876,2560
899,2560
926,2560
954,2560
978,2560
1004,2560
1027,2587
1046,2587
1084,2587
1105,2587
1128,2587
1162,2587
1187,2587
1209,2587
1233,2587
1261,2587
1284,2844
1312,2844
1340,2844
1368,2844
1385,2844
1414,2845
1429,2845
1465,2845
1491,2845
1516,2845
1536,2846
1570,2846
1594,2846
1606,2847
1646,2847
1676,2584
1701,2584
1715,2584
1725,2170
2611,2943
2630,2945
2653,2946
2686,2947
2715,2971
2738,2971
2758,2995
2791,3064
2815,3068
2833,3072
2860,3077
2892,3087
2911,3088
2944,3094
2959,3097
2986,3108
3023,3117
3049,3115
3071,3114
3107,3125
