249,2305
272,2305
297,2306
326,2306
341,2306
390,2306
392,2306
430,2555
458,2556
510,2556
536,2556
550,2557
589,2557
609,2568
642,2568
666,2568
691,2568
719,2568
746,2559
767,2559
784,2559
820,2559
847,2560
876,2560
899,2560
926,2560
954,2560
978,2560
1004,2560
1028,2542
1058,2542
1074,2542
1088,2574
1121,2575
1181,2573
1216,2584
1250,2584
1276,2699
1301,2699
1324,2699
1343,2699
1394,2699
1395,2700
1407,2700
1432,2700
1484,2703
1506,2705
1510,2706
1522,2094
1547,2706
1588,2709
1595,2117
1606,2710
1626,2709
1662,2718
1679,2718
1710,2718
1733,2718
1762,2723
1783,2729
1813,2729
1838,2729
1851,2729
1890,2751
1911,2751
1942,2751
1965,2751
1993,2736
2017,2736
2043,2893
2060,2893
2089,2893
2121,2893
2142,2893
2166,2893
2195,2767
2220,2887
2244,2887
2267,2887
2290,2886
2317,2886
2349,2886
2373,2887
2398,2887
2424,2892
2446,2892
2471,2910
2499,2887
2527,2886
2549,2886
2575,2898
2603,2956
2627,2963
2655,2988
2677,3043
2700,3044
2733,3106
2756,3142
2781,3142
2800,3143
2836,3143
2857,3143
2882,3168
2904,3188
2930,3198
2955,3221
2985,3221
3004,3235
3041,3242
3060,3242
3077,3242
3110,3241
3132,3248
3168,3280
3188,3291
3220,3286
3239,3285
3265,3305
3282,3317
3314,3340
3330,3362
3362,3376
