312,425
336,426
363,983
387,983
414,982
439,983
464,982
490,2190
515,2190
540,2189
567,2189
587,2189
617,2193
643,2193
668,2193
694,2193
719,2193
744,2217
771,2210
794,2210
816,2209
846,2209
848,2209
871,2220
898,2220
923,2220
974,2220
980,2220
980,2220
1005,2221
1008,2222
1008,2223
1113,2561
1152,2604
1163,2603
1165,2603
1209,2797
1209,2798
1224,2798
1255,2798
1312,2801
1312,2801
1376,2812
1405,2813
1433,2813
1456,2813
1483,2813
1506,2813
1532,2814
1560,2814
1581,2814
1610,2831
1638,2831
1662,2833
1682,3448
1711,3448
1736,3448
1745,3449
1791,3450
1809,3451
1837,3451
1864,3471
1889,3474
1912,3418
1940,3418
1964,3419
1986,3419
2013,3425
2039,3425
2066,3426
2096,3427
2111,3428
2145,3429
2163,3429
2197,3431
2221,3438
2246,3439
2278,3440
2312,3440
2312,3440
2353,3440
2381,3440
2402,3440
2426,3440
2441,3440
2475,3440
2492,3441
2529,3468
2550,3468
2570,3469
2600,3474
2626,3474
2645,3474
2677,3475
2701,3457
2723,3459
2766,3459
2790,3459
2807,3459
2830,3479
2855,3489
2888,3503
2919,3519
2919,3519
2966,3520
2984,3521
3008,3527
3031,3527
3063,3527
3087,3528
3118,3528
3140,3529
3162,3542
3193,3564
3212,3564
3238,3568
3273,3580
3293,3585
3316,3585
3341,3586
3366,3588
3411,3591
3432,3596
3449,3599
3482,3599
3498,3596
3537,3607
3552,3608
3581,3607
