312,425
336,426
363,983
387,983
414,982
439,983
464,982
489,975
516,986
542,989
567,1006
591,2004
617,2005
643,2003
669,1912
693,1912
720,1912
738,1915
771,1918
790,1935
824,1935
836,1935
860,1935
899,1935
919,1939
950,2481
973,2480
988,2480
1007,2480
1037,2479
1058,2479
1101,2481
1128,2485
1155,2485
1178,2500
1195,2500
1229,2527
1254,2527
1279,2526
1307,2525
1330,2524
1353,2522
1379,2609
1412,2471
1434,2471
1459,2470
1490,2470
1504,2469
1537,2469
1554,2469
1590,2469
1619,2469
1638,2469
1663,2468
1688,2468
1711,2468
1738,2467
1766,2466
1791,2465
1820,2465
1841,2465
1869,2465
1886,2452
1924,2460
1948,2548
1964,2548
2005,2549
2005,2549
2036,2549
2082,2549
2095,2554
2113,2446
2144,2446
2167,2446
2198,2453
2223,2453
2252,2453
2274,2453
2302,2453
2322,2453
2349,2453
2384,2453
2403,2453
2428,2460
2450,2509
2478,2521
2504,2528
2532,2568
2549,2577
2572,2590
