312,425
336,426
363,983
387,983
414,982
439,983
464,982
490,2190
516,2190
540,2189
567,2189
587,2189
612,2193
643,2193
667,2193
694,2193
719,2193
744,2217
771,2210
794,2210
816,2209
848,2221
848,2209
863,2220
898,2220
923,2220
974,2220
980,2220
980,2220
980,2220
1005,2221
1008,2223
1078,2560
1078,2560
1078,2560
1113,2561
1141,2562
1165,2603
1209,2797
1209,2797
1209,2798
1332,2801
1382,2812
1409,2813
1433,2813
1460,2813
1485,2813
1509,2813
1532,2814
1560,2814
1581,2814
1612,2831
1638,2831
1662,2833
1692,3448
1711,3448
1740,3449
1745,3449
1791,3450
1820,3451
1837,3451
1864,3471
1895,3474
1914,3501
1939,3501
1967,3501
1971,3502
2017,3504
2039,3507
2068,3533
2099,3535
2120,3537
2148,3539
2177,3542
2190,3542
2226,3542
2251,3543
2267,3544
2303,3544
2325,3545
2350,3548
2372,3549
2405,3550
2425,3563
2455,3564
2483,3565
2503,3567
2522,3570
2551,3570
2585,3326
2605,3330
2625,3344
2650,3344
2677,3344
2706,3345
2745,3345
2751,3345
2797,3354
2816,3354
2836,3358
2866,3358
2893,3358
2893,3358
2934,3388
2954,3388
2993,3386
3015,3385
3044,3385
3079,3387
3079,3387
3116,3386
3138,3389
3175,3394
3206,3394
3206,3394
3235,3407
3276,3407
3311,3407
3325,3407
3347,3413
3373,3441
3397,3478
3420,3483
3447,3484
3468,3506
3499,3523
3532,3541
