261,1982
287,1982
314,1991
336,1993
366,1997
388,2000
396,2001
445,2001
472,1979
491,1988
508,1987
528,1987
546,1988
555,2615
580,2620
606,2620
630,2621
658,2622
670,2622
703,2623
710,2624
762,2624
789,2626
839,2626
863,2627
891,2628
911,2628
943,2628
966,2628
992,2628
1013,2628
1042,2629
1068,2629
1100,2629
1122,2629
1143,2629
1169,2629
1200,2629
1225,2630
1253,2637
1278,2637
1303,2637
1305,2637
1355,2637
1379,2637
1407,2638
1431,2638
1455,2638
1481,2638
1500,2638
1533,2638
1543,2638
1585,2638
1612,2638
1638,2638
1657,2638
1688,2638
1715,2638
1740,2638
1763,2638
1776,2638
1810,2638
1843,2638
1869,2638
1897,2638
1901,2640
1930,2640
1938,2636
1982,2657
2011,2657
2036,2657
2062,2657
2092,2657
2119,2657
2146,2657
2180,2657
2198,2657
2232,2649
2257,2649
2276,2649
2301,2649
2330,2649
2363,2649
2385,2649
2407,2649
2433,2649
2462,2649
2490,2649
2513,2647
2555,2763
2601,2777
2630,2805
2638,2805
2657,2796
2708,2796
2725,2796
2757,2822
2786,2827
2816,2827
