251,2019
255,2019
291,2019
299,2021
299,2021
299,2021
352,2035
357,2046
391,2047
395,2047
505,1754
534,1753
554,1753
567,1762
595,1912
618,1912
669,1912
689,1872
720,1872
745,1872
770,1872
782,1872
821,1884
848,1884
867,1884
897,1895
924,1895
953,1924
979,1715
1010,1715
1027,1228
1053,1291
1080,1346
1102,1367
1134,1572
1156,1573
1191,1579
1215,1579
1237,1580
1273,1585
1292,1594
1312,1596
1344,1606
1363,1611
1393,1680
1416,1680
1446,1695
1468,1739
1496,1743
1515,1755
1543,1765
1583,1772
1600,1772
1634,1767
1655,1772
1686,1788
1706,1788
1733,1800
1753,1808
1785,1816
1812,1839
1829,1852
