251,2019
255,2019
291,2019
299,2021
299,2021
352,2021
404,2267
404,2267
454,2267
454,2267
489,2267
508,2286
542,2286
552,2549
606,2549
634,2549
642,2550
651,2550
704,2550
710,2550
760,2550
760,2550
760,2550
835,2551
837,2551
873,2551
873,2551
933,2138
969,2138
989,2138
1012,2138
1045,2138
1070,2138
1078,2138
1123,2138
1139,2138
1178,2138
1205,2139
1222,2138
1246,2139
1264,2139
1274,2139
1274,2139
1345,2139
1374,2139
1393,2139
1422,2139
1443,2139
1471,2140
1496,2142
1524,2142
1547,2179
1572,2183
1598,2647
1624,2647
1649,2648
1671,2664
1704,2664
1728,2664
1751,2314
1784,2318
1798,2318
1828,2319
1853,2320
1882,2326
1904,2328
1928,2333
1962,2334
1979,2338
2005,2342
2035,2351
2059,2354
2077,2354
2113,2358
2127,2359
2149,2360
2184,2360
2208,2360
2235,2361
2259,2363
2294,2360
2319,2363
2345,2364
