251,2019
255,2019
291,2019
299,2021
299,2021
352,2021
404,2267
431,2267
454,2267
457,2267
489,2286
508,2286
552,2549
585,2549
606,2549
634,2549
651,2550
662,2550
689,2550
704,2550
760,2550
760,2550
765,2551
833,2551
833,2551
873,2566
873,2551
873,2551
945,2539
988,2539
988,2540
1023,2540
1047,2540
1080,2541
1124,2542
1152,2546
1174,2546
1174,2546
1226,2546
1245,2546
1279,2326
1304,2326
1314,2326
1354,2326
1382,2326
1407,2326
1434,2326
1445,2326
1483,2627
1511,2628
1529,2628
1560,2628
1586,2634
1614,2634
1645,2445
1668,2445
1685,2445
1712,2446
1745,2450
1768,2450
1803,2451
1833,2451
1833,2451
1868,2452
1911,2452
1931,2452
1948,2452
1970,2453
1996,2456
2022,2456
2049,2457
2070,2457
2098,2458
2131,2468
2156,2468
2178,2471
2203,2420
2220,2407
2260,2422
2275,2503
2319,2507
2354,2530
2354,2530
2389,2530
2412,2529
2433,2528
2456,2527
2487,2531
2521,2549
2541,2568
2567,2582
