251,2019
255,2019
291,2019
299,2021
299,2021
299,2021
299,2021
357,2046
422,1754
483,1754
509,1754
534,1753
554,1753
567,1762
595,1912
618,1912
669,1912
687,2068
717,2078
726,2078
767,2077
792,2082
822,2077
851,2085
852,2087
899,2221
926,2220
950,2220
978,2220
1002,2220
1026,2220
1048,2220
1075,2220
1105,1665
1130,1686
1160,1686
1175,1686
1220,1687
1235,1687
1265,1693
1293,1722
1312,1722
1333,1722
1367,1723
1390,1723
1416,1732
1447,1738
1482,1739
1494,1739
1530,1778
1553,1780
1576,1801
1610,1856
1625,1855
1666,1855
1688,1877
1724,1899
1724,1899
1758,1899
1785,1900
1810,1900
1848,1903
1870,1913
1894,1915
1920,1936
1939,1958
