251,2019
255,2019
299,2021
299,2021
300,2021
352,2021
352,2021
352,2035
357,2046
395,2047
422,1754
505,1754
554,1753
566,1753
595,1762
618,1912
618,1912
680,1912
703,1872
732,1872
755,1872
782,1872
806,1872
829,1884
854,1884
862,1884
895,1895
932,1895
956,1924
981,1946
1007,1929
1031,1929
1058,1929
1083,2488
1108,2488
1136,2529
1163,2528
1186,2527
1212,2527
1231,2526
1258,2526
1275,2526
1311,2525
1335,2525
1360,2524
1389,2524
1403,2524
1436,2523
1461,2527
1486,2745
1513,2748
1538,2749
1565,2750
1586,2766
1618,2766
1641,2766
1667,2766
1691,2766
1701,2766
1715,2766
1768,2720
1799,2806
1822,2806
1848,2806
1879,2806
1879,2806
1919,2806
1946,2806
1962,2806
1986,2806
2011,2806
2042,2806
2069,2805
2091,2805
2122,2804
2135,2803
2168,2803
2194,2803
2218,2802
2240,2802
2270,2815
2291,2815
2305,2815
2343,2815
2369,3336
2398,3337
2418,3340
2449,3342
2468,3342
2499,3345
2518,3347
2547,3349
2571,3358
2599,3357
2620,3358
2652,3359
2671,3360
2696,3361
2721,3371
2737,3371
2782,3372
2800,3373
2824,3373
2851,3533
2864,3533
2895,3533
2925,3535
2939,3536
2971,3542
3005,3546
3027,3546
3043,3546
3073,3546
3096,3546
3121,3546
3145,3549
3176,3552
3210,3558
3230,3558
3266,3558
3283,3558
3306,3558
3330,3561
3363,3561
3389,3561
3416,3561
3437,3561
3469,3561
3491,3561
3526,3561
3550,3562
3575,3605
3612,3633
3633,3644
