251,2019
255,2019
291,2019
299,2021
299,2021
352,2021
404,2267
404,2267
454,2267
454,2267
489,2277
507,2286
542,2286
552,2549
606,2549
634,2549
642,2550
651,2550
704,2550
710,2550
760,2550
760,2550
760,2550
835,2551
837,2551
862,2551
873,2551
873,2551
928,2566
988,2539
988,2540
988,2540
988,2540
1072,2541
1084,2542
1145,2545
1173,2546
1174,2546
1174,2546
1244,2546
1267,2326
1302,2326
1324,2326
1348,2326
1373,2326
1396,2326
1423,2326
1447,2326
1476,2326
1484,2303
1519,2303
1554,2303
1575,2304
1605,2304
1631,2305
1653,2309
1684,2313
1712,2313
1734,2321
1755,2321
1784,2322
1807,2322
1833,2332
1859,2332
1883,2336
1909,2345
1937,2356
1960,2377
1987,2380
2014,2433
2044,2723
2069,2723
2085,2734
2116,2735
2139,2736
2159,2737
2188,2738
2218,2739
2241,2747
2267,2850
2289,2728
2316,2737
2343,2734
2369,2734
2389,2747
2420,2747
2451,2906
2481,2930
2512,2933
2532,2934
2553,2941
2575,2947
2611,2961
2630,2971
2655,2972
2689,2979
2724,2980
2724,2980
2757,2989
2789,2990
2817,2990
2835,2991
2879,2997
2898,2998
2922,2999
2962,3003
2962,3003
