251,2019
255,2019
291,2019
299,2021
299,2021
352,2021
404,2267
404,2267
454,2267
479,2267
489,2267
508,2286
552,2549
562,2549
606,2549
634,2549
651,2550
654,2550
704,2550
704,2550
760,2550
760,2550
760,2550
833,2551
835,2551
873,2551
873,2551
873,2551
928,2566
983,2539
988,2540
988,2540
1036,2540
1080,2542
1098,2542
1132,2545
1161,2546
1174,2546
1187,2546
1219,2546
1262,2560
1289,2559
1316,2559
1341,2559
1365,2559
1389,2562
1389,2559
1441,2567
1445,2567
1491,2567
1518,2574
1543,2574
1559,2574
1594,2578
1618,2580
1632,2580
1669,2586
1688,2586
1719,2589
1742,2589
1764,2589
1795,2575
1811,2575
1861,2575
1881,2575
1899,2575
1924,2575
1945,2602
1974,2600
1998,2597
2021,2592
2045,2592
2077,2590
2101,2717
2124,2718
2146,2720
2173,2721
2193,2714
2226,2724
2253,2726
2278,2727
2298,2729
2317,2732
2352,2732
2379,2739
2403,2740
2434,2741
2459,2745
2482,2743
2508,2751
2542,2755
2569,2772
2594,2772
2611,2776
2645,2779
2670,2775
2701,2776
2720,2785
2749,2787
2774,2793
