251,2019
255,2019
255,2019
299,2021
299,2021
299,2021
357,2046
392,2047
422,1754
445,1755
505,1754
545,1753
566,1753
567,1762
620,1609
644,1609
674,1609
695,1609
714,1609
759,1609
787,1609
806,1609
840,1609
840,1609
895,1609
895,1609
929,1609
959,1609
982,1609
993,1608
1041,1616
1065,1658
1089,1658
1120,1689
1142,1619
1163,1619
1199,1623
1217,1632
1242,1601
1276,1646
1305,1646
1324,1655
1351,1656
1374,1683
1406,1706
1439,1711
1467,1729
1467,1729
1512,1729
1542,1729
1568,1729
1589,1774
1623,1780
1623,1780
1671,1810
1692,1811
1708,1811
1728,1812
1760,1812
1787,1812
1816,1841
1854,1861
