225,1847
251,1847
277,1847
290,1847
318,1847
357,1853
371,1853
408,1853
430,1853
454,1868
487,1098
508,1104
543,1115
568,1115
598,1119
616,1130
645,1134
673,1140
689,1182
725,1196
753,1199
775,1199
806,1199
827,1199
854,1617
869,1616
896,1616
925,1704
950,1703
977,1704
1013,1706
1032,1704
1068,1704
1098,1703
1122,1703
1140,1703
1166,1708
1203,1915
1217,1917
1246,1931
1272,1950
1291,1951
1315,1955
1352,1955
1382,1955
1407,1955
1423,1955
1449,1956
1459,1783
1497,1796
1521,1797
1547,1794
1570,1795
1607,1800
1628,1786
1653,1954
1683,1943
1706,1936
1737,1945
1763,1955
1784,1962
1808,1969
1838,1974
1866,1983
1890,1990
1914,2001
1940,2012
1963,2026
1980,2046
2000,2061
2025,2075
2049,2094
2077,2108
2109,2121
