248,2226
273,2226
300,2225
327,2225
350,2225
378,2224
404,2225
430,2225
455,2224
478,2225
508,2225
534,2224
559,2226
586,2229
611,2229
636,2232
661,2231
686,2234
716,2389
740,2390
762,2390
794,2392
813,2394
816,2394
850,2397
875,2396
918,2501
935,2501
959,2502
986,2502
1010,2502
1038,2503
1040,2504
1055,2504
1112,2504
1132,2504
1166,2505
1181,2505
1206,2505
1229,2506
1272,2508
1298,2509
1323,2510
1349,2510
1366,2524
1400,2524
1426,2524
1454,2525
1477,2525
1500,2525
1531,2526
1540,2527
1582,2533
1609,2533
1641,2534
1658,2534
1693,2534
1712,2534
1737,2543
1740,2544
1786,2545
1815,2506
1845,2506
1869,2506
1898,2506
1942,2432
1979,2433
2017,2438
2028,2453
2044,2453
2071,2453
2105,2465
2121,2464
2146,2463
2176,2432
2190,2453
2221,2456
2246,2459
2291,2467
2317,2460
2340,2492
2368,2514
2402,2517
2425,2518
2448,2522
2469,2530
2494,2532
2518,2549
2551,2564
