248,2226
273,2226
300,2225
327,2225
350,2225
378,2224
404,2225
430,2225
455,2224
478,2225
508,2225
534,2224
559,2226
586,2229
611,2229
636,2232
661,2231
686,2234
716,2389
740,2390
762,2390
794,2392
813,2394
816,2394
850,2397
897,2385
904,2385
948,2386
975,2386
999,2386
1000,2386
1052,2381
1079,2382
1105,2382
1138,2948
1175,2948
1211,2948
1263,2948
1269,2948
1278,2949
1296,2950
1329,2952
1364,2952
1397,2952
1428,2953
1450,2954
1486,2955
1514,2962
1524,2962
1566,2962
1592,2962
1616,2962
1642,2962
1671,2965
1697,2965
1726,2965
1749,2965
1771,2965
1797,2966
1814,2966
1845,2954
1869,2975
1880,2975
1944,2974
1966,2974
1997,2974
2020,2974
2051,2974
2075,2974
2099,2975
2114,2971
2114,2975
2174,2973
2199,2973
2204,2973
2230,2978
2276,2979
2304,2980
2328,2980
2380,3010
2392,3009
2433,3011
2460,3012
2479,3019
2506,3021
2517,3010
2544,3337
2577,3338
2606,3339
2629,3340
2650,3341
2673,3343
2702,3347
2759,3347
2799,3347
2815,3350
2837,3350
2865,3353
2891,3354
2923,3359
2943,3372
2979,3373
3004,3388
3028,3388
3051,3388
3079,3420
3108,3421
3134,3422
3162,3428
3176,3428
3188,3428
3216,3443
3234,3448
3268,3450
3287,3453
3324,3455
3351,3456
3374,3490
3392,3499
3428,3501
3457,3506
3487,3504
