249,1870
275,1870
293,1870
301,1870
353,1871
371,1871
379,1871
413,1872
453,1838
486,1838
509,1838
534,1838
561,1839
584,1839
609,1839
636,1910
664,1910
697,1910
715,1910
739,1909
769,1908
795,1907
826,1326
847,1326
873,1354
898,1354
920,1375
948,1383
973,1396
1002,1660
1033,1660
1053,1660
1089,1661
1089,1661
1135,1661
1166,1661
1188,1661
1210,1661
1240,1663
1264,1664
1289,1667
1305,1851
1336,1851
1372,1851
1389,1852
1424,1852
1449,1853
1466,1854
1509,1856
1524,1866
1553,1868
1570,1869
1606,1869
1626,1869
1657,1869
1677,1845
1710,1849
1731,1851
1760,1854
1788,1859
1818,1859
1835,1863
1858,1874
