249,2343
272,2343
301,2344
323,2345
339,2345
376,2345
387,2346
417,2346
453,2349
471,2350
505,2350
527,2350
546,2350
578,2350
608,2350
626,2350
641,2350
680,2350
701,2350
737,2350
750,2350
750,2350
827,2350
827,2350
861,2350
870,2349
870,2349
884,2349
949,2549
989,2378
999,2378
1036,2378
1063,2378
1088,2378
1113,2576
1140,2576
1164,2576
1188,2576
1220,2576
1237,2576
1267,2576
1291,2576
1314,2576
1341,2576
1373,2576
1390,2576
1418,2576
1436,2576
1469,2576
1493,2576
1518,2576
1558,2576
1558,2576
1606,2576
1622,2575
1649,2575
1679,2575
1679,2575
1712,2575
1744,2575
1777,2575
1812,2575
1812,2575
1855,2575
1888,2575
1894,2575
1921,2575
1945,2576
1975,2575
1997,2575
2025,2574
2051,2573
2067,2589
2097,2599
2131,2625
2151,2625
2176,2719
2201,2719
2225,2721
2247,2721
2268,2721
2311,2721
2332,2721
2354,2721
2379,2741
2408,2748
2436,2749
2458,2749
2482,2752
2506,2754
2537,2757
2560,2759
2588,2760
2618,2760
2638,2767
2675,2785
2701,2789
2728,2796
2748,2799
2775,2860
2807,2868
2833,2872
2860,2883
2894,2904
