249,1892
275,1890
302,1889
327,1889
355,1889
380,1888
407,1887
433,1886
459,1889
482,1889
512,1997
538,1998
565,1999
589,2027
615,2028
644,2036
669,2036
696,2037
720,2037
747,2038
770,2038
790,2054
793,2054
851,2066
880,2067
906,2111
935,2111
944,2125
967,2125
1013,2125
1021,2125
1064,2128
1088,2128
1117,2130
1142,2133
1169,2140
1195,2140
1222,2502
1231,2502
1267,2503
1297,2530
1320,2535
1327,2535
1347,2535
1409,2521
1478,2549
1512,2549
1538,2549
1566,2567
1591,2587
1596,2617
1671,2629
1671,2655
1708,2655
1708,2656
1793,2980
1795,2980
1807,2995
1835,2995
1860,2995
1890,2995
1898,2995
1913,2996
1962,3003
1983,2984
2001,2984
2037,2984
2066,2984
2094,2984
2119,2984
2144,2994
2175,2994
2206,2993
2216,2993
2262,2993
2282,3034
2305,3038
2337,3072
2371,3087
2386,3087
2417,3087
2443,3087
2468,3091
2496,3090
2527,3116
2551,3115
2576,3239
2616,3241
2630,3241
2656,3251
2682,3252
2721,3267
2753,3267
2769,3267
2788,3268
2807,3268
2842,3269
2871,3269
2895,3269
2914,3273
2949,3297
2967,3297
3001,3298
3029,3301
3039,3302
3062,3295
3080,3295
3102,3311
3147,3311
3188,3313
3219,3321
3243,3326
3271,3326
3288,3327
3326,3335
